%YAML:1.0
---
depthShift: -1.5942208183955243e+01
