%YAML:1.0
---
cameraMatrix: !!opencv-matrix
   rows: 3
   cols: 3
   dt: d
   data: [ 1.0706409267408087e+03, 0., 9.4400911718507996e+02, 0.,
       1.0651563631570486e+03, 5.5284540769257978e+02, 0., 0., 1. ]
distortionCoefficients: !!opencv-matrix
   rows: 1
   cols: 5
   dt: d
   data: [ 7.3813288803671717e-02, -1.3129777874692414e-01,
       1.1573630363826634e-03, 5.8029957878314928e-04,
       5.8969494017865942e-02 ]
rotation: !!opencv-matrix
   rows: 3
   cols: 3
   dt: d
   data: [ 1., 0., 0., 0., 1., 0., 0., 0., 1. ]
projection: !!opencv-matrix
   rows: 4
   cols: 4
   dt: d
   data: [ 1.0706409267408087e+03, 0., 9.4400911718507996e+02, 0., 0.,
       1.0651563631570486e+03, 5.5284540769257978e+02, 0., 0., 0., 1.,
       0., 0., 0., 0., 1. ]
