%YAML:1.0
---
cameraMatrix: !!opencv-matrix
   rows: 3
   cols: 3
   dt: d
   data: [ 3.6495086070447849e+02, 0., 2.5202740851470338e+02, 0.,
       3.6268538762986782e+02, 2.0931665187989319e+02, 0., 0., 1. ]
distortionCoefficients: !!opencv-matrix
   rows: 1
   cols: 5
   dt: d
   data: [ 1.0090701380023143e-01, -3.1173133057765301e-01,
       5.6893365459121173e-04, -3.6233408629202796e-04,
       1.3581918860713113e-01 ]
rotation: !!opencv-matrix
   rows: 3
   cols: 3
   dt: d
   data: [ 1., 0., 0., 0., 1., 0., 0., 0., 1. ]
projection: !!opencv-matrix
   rows: 4
   cols: 4
   dt: d
   data: [ 3.6495086070447849e+02, 0., 2.5202740851470338e+02, 0., 0.,
       3.6268538762986782e+02, 2.0931665187989319e+02, 0., 0., 0., 1.,
       0., 0., 0., 0., 1. ]
