%YAML:1.0
---
rotation: !!opencv-matrix
   rows: 3
   cols: 3
   dt: d
   data: [ 9.9998283822681067e-01, -5.1671223835935169e-03,
       -2.7611769456564583e-03, 5.1723510577981651e-03,
       9.9998483748080591e-01, 1.8898658738531046e-03,
       2.7513699109992613e-03, -1.9041152168992304e-03,
       9.9999440213875879e-01 ]
translation: !!opencv-matrix
   rows: 3
   cols: 1
   dt: d
   data: [ -5.1281063570019082e-02, 4.0225068184226244e-04,
       -7.8182065451289941e-04 ]
essential: !!opencv-matrix
   rows: 3
   cols: 3
   dt: d
   data: [ 5.1505913120779864e-06, 7.8104286849791510e-04,
       4.0372596627319873e-04, -6.4071406177356100e-04,
       -9.3605290478560770e-05, 5.1282935250907796e-02,
       -6.6748744190869857e-04, -5.1278207541406447e-02,
       -9.5803646706793264e-05 ]
fundamental: !!opencv-matrix
   rows: 3
   cols: 3
   dt: d
   data: [ 4.2128046472425554e-09, 6.4282600128816304e-07,
       -1.5102538126794278e-05, -5.2675535602462391e-07,
       -7.7437162998012903e-08, 1.5535895443990790e-02,
       -2.9728506161858469e-04, -4.5749122048852398e-02, 1. ]
