kinematics:
  shoulder:
    x: 0
    y: 0
    z: 0.08921756912976217
    roll: -0
    pitch: 0
    yaw: 2.5854173066827e-05
  upper_arm:
    x: 0.0001646275474032126
    y: 0
    z: 0
    roll: 1.56914569864488
    pitch: 0
    yaw: -6.781640748284821e-05
  forearm:
    x: -0.4254815263169635
    y: 0
    z: 0
    roll: 0.001985691263842055
    pitch: 0.002816006404653636
    yaw: -3.525983347066377e-05
  wrist_1:
    x: -0.3919219508545698
    y: -0.001814968657129677
    z: 0.1104747071965633
    roll: 0.01642733834115173
    pitch: 0.001126973802208245
    yaw: 3.615569254396715e-06
  wrist_2:
    x: 0.0001285910993785563
    y: -0.09475787959260155
    z: -0.0001715777024377195
    roll: 1.572607020698803
    pitch: 0
    yaw: -8.373252046487907e-05
  wrist_3:
    x: -9.627235320169696e-05
    y: 0.0825373648328543
    z: -0.0001977660155765644
    roll: 1.568400252756097
    pitch: 3.141592653589793
    yaw: -3.141580403243168
  hash: calib_13861896563594809087